16 14
00 00 00 00 00 00 00 00 00 00 00 00 00 00 
00 00 00 00 10 00 00 00 00 00 00 00 00 00 
00 30 20 20 11 10 00 00 00 00 00 00 00 00 
00 30 11 20 10 10 00 00 00 10 00 00 00 00 
00 00 20 11 10 10 10 10 10 10 20 10 00 00 
00 00 10 20 10 20 10 30 20 20 10 20 20 10 
10 10 20 30 10 30 10 20 20 30 30 07 10 10 
30 30 20 20 10 10 20 10 30 10 10 10 10 00 
10 20 20 02 02 02 10 20 10 10 10 10 10 10 
30 10 10 20 10 10 20 20 10 20 20 07 20 10 
00 00 30 10 20 10 10 20 07 20 10 30 10 30 
00 00 00 10 30 10 10 10 10 20 10 30 20 30 
00 00 10 10 10 10 10 20 10 20 10 30 10 20 
00 00 20 30 20 20 30 20 30 30 20 00 20 20 
00 00 10 10 30 30 10 10 30 20 20 20 00 00 
00 00 00 00 00 10 00 10 10 00 00 00 00 00 
OlaJanekUla 7 8
Mosad 2 3
zajawkowicze 3 3
